# Created by Octave 4.2.1, Thu Apr 19 20:58:48 2018 EDT <hugomilan17@pop-os>
# name: cross_validation_1
# type: matrix
# rows: 1
# columns: 104
 2 3 4 5 9 11 13 15 17 19 22 23 26 27 28 29 32 34 35 36 40 41 42 43 45 46 49 50 52 55 56 57 60 61 65 66 69 70 71 72 74 75 77 79 81 82 83 86 89 90 91 92 96 97 98 99 102 105 106 111 115 119 120 122 124 126 127 128 135 138 139 140 142 143 145 146 150 151 152 153 157 159 160 162 165 166 167 169 171 172 175 177 181 182 184 185 190 191 192 193 196 197 198 199


# name: cross_validation_2
# type: matrix
# rows: 1
# columns: 104
 1 3 4 5 8 11 13 15 16 19 22 23 24 27 28 29 30 34 35 36 37 41 42 43 44 46 49 50 51 55 56 57 58 61 65 66 67 70 71 72 73 75 77 79 80 82 83 86 87 90 91 92 93 97 98 99 101 105 106 111 114 119 120 122 123 126 127 128 130 138 139 140 141 143 145 146 147 151 152 153 156 159 160 162 163 166 167 169 170 172 175 177 178 182 184 185 187 191 192 193 195 197 198 199


# name: cross_validation_3
# type: matrix
# rows: 1
# columns: 104
 2 1 4 5 9 8 13 15 17 16 22 23 26 24 28 29 32 30 35 36 40 37 42 43 45 44 49 50 52 51 56 57 60 58 65 66 69 67 71 72 74 73 77 79 81 80 83 86 89 87 91 92 96 93 98 99 102 101 106 111 115 114 120 122 124 123 127 128 135 130 139 140 142 141 145 146 150 147 152 153 157 156 160 162 165 163 167 169 171 170 175 177 181 178 184 185 190 187 192 193 196 195 198 199


# name: cross_validation_4
# type: matrix
# rows: 1
# columns: 104
 2 3 1 5 9 11 8 15 17 19 16 23 26 27 24 29 32 34 30 36 40 41 37 43 45 46 44 50 52 55 51 57 60 61 58 66 69 70 67 72 74 75 73 79 81 82 80 86 89 90 87 92 96 97 93 99 102 105 101 111 115 119 114 122 124 126 123 128 135 138 130 140 142 143 141 146 150 151 147 153 157 159 156 162 165 166 163 169 171 172 170 177 181 182 178 185 190 191 187 193 196 197 195 199


# name: cross_validation_5
# type: matrix
# rows: 1
# columns: 104
 2 3 4 1 9 11 13 8 17 19 22 16 26 27 28 24 32 34 35 30 40 41 42 37 45 46 49 44 52 55 56 51 60 61 65 58 69 70 71 67 74 75 77 73 81 82 83 80 89 90 91 87 96 97 98 93 102 105 106 101 115 119 120 114 124 126 127 123 135 138 139 130 142 143 145 141 150 151 152 147 157 159 160 156 165 166 167 163 171 172 175 170 181 182 184 178 190 191 192 187 196 197 198 195


# name: cross_validation_1c
# type: matrix
# rows: 1
# columns: 26
 1 8 16 24 30 37 44 51 58 67 73 80 87 93 101 114 123 130 141 147 156 163 170 178 187 195


# name: cross_validation_2c
# type: matrix
# rows: 1
# columns: 26
 2 9 17 26 32 40 45 52 60 69 74 81 89 96 102 115 124 135 142 150 157 165 171 181 190 196


# name: cross_validation_3c
# type: matrix
# rows: 1
# columns: 26
 3 11 19 27 34 41 46 55 61 70 75 82 90 97 105 119 126 138 143 151 159 166 172 182 191 197


# name: cross_validation_4c
# type: matrix
# rows: 1
# columns: 26
 4 13 22 28 35 42 49 56 65 71 77 83 91 98 106 120 127 139 145 152 160 167 175 184 192 198


# name: cross_validation_5c
# type: matrix
# rows: 1
# columns: 26
 5 15 23 29 36 43 50 57 66 72 79 86 92 99 111 122 128 140 146 153 162 169 177 185 193 199


