# Created by Octave 4.2.1, Sun May 06 01:41:08 2018 EDT <hugomilan17@pop-os>
# name: dataDivisionOut
# type: matrix
# rows: 100
# columns: 11
 1 34.11745231393434 36.16815238620168 37.78047291225229 41.12570211025667 99.59996378309961 147.0607358183787 29.59158264555134 32.71814475314681 36.24854297743707 7.245497941970825
 2 33.45791004068477 35.53249731014354 37.17987882493657 75.65169360991121 134.9521461854454 186.2139191778272 28.89895227744739 32.10751764799242 35.68375949299019 4.683565855026245
 3 33.41200466144734 35.50055022207556 37.16491513571045 73.67294948979365 136.7288948139752 189.3675034342558 28.7924007068803 32.03295681129003 35.62550749072778 9.756800889968872
 4 33.43531302953517 35.53246078881976 37.20661132961198 69.96346572070968 134.9541773318153 188.3099094727842 28.77084479337049 32.02868006748564 35.62961115612001 5.667330026626587
 5 33.46736118825437 35.57017429418618 37.25080693548097 66.67494977652649 132.8567273609706 186.6464074731374 28.77004228633166 32.03841387040368 35.64485088522628 11.79037117958069
 6 33.49733676484716 35.60424623439604 37.28940605904987 63.97580728131555 130.961804327286 185.0467522787553 28.77522765774341 32.05095125020163 35.66105325966964 12.41123795509338
 7 33.52340798170435 35.63340595035766 37.32191888845703 61.77350729497665 129.3400763866109 183.6385059239477 28.7820062651507 32.06305701333984 35.67588100102415 7.191168069839478
 8 33.54571785996108 35.65811257098182 37.35395450471967 59.95949636729875 127.9660089218043 182.4251603124911 28.78890027926644 32.0740432611163 35.68892069188763 7.608955860137939
 9 33.56481148928724 35.67912605892482 37.38136849134599 58.44606596183507 126.7973363403202 181.3821361087143 28.79540185894245 32.08377126385713 35.70027220855673 8.18342399597168
 10 33.58124414388601 35.69713176814226 37.40453018804119 57.16715761650607 125.7959424389516 180.4816844577101 28.80135868266933 32.09233729229426 35.71015614554119 8.716119050979614
 11 33.59549061429027 35.71269032069691 37.42433262070843 56.07358526815222 124.9306480229306 179.6992276288725 28.80675445946338 32.09988958395511 35.71879804121221 9.15581488609314
 12 33.60793635447261 35.72624777581839 37.44144438673818 55.12850007308766 124.1766453500687 179.0144522578866 28.81162390747596 32.10657006536736 35.72639644987419 10.04894304275513
 13 33.61888944034007 35.7381547025841 37.45637217213044 54.30396409723523 123.5144373968451 178.4109455260767 28.81601822956105 32.11250811270244 35.7331175900477 11.03187394142151
 14 33.62859566976647 35.74868884934858 37.46950525692962 53.57850584690017 122.9285770900556 177.8755163983066 28.81999091811298 32.11781086565538 35.73909811520264 11.89811015129089
 15 33.63725196711898 35.75807046069015 37.48114683431141 52.93539783261974 122.4068154494001 177.3975408619859 28.82359213307666 32.12257061523542 35.74444982989399 12.27819681167603
 16 33.6450171642866 35.76647648514694 37.49153613865806 52.36143856017304 121.9393114191992 176.968415770162 28.82686678381111 32.12686318646788 35.74926432219553 14.0802948474884
 17 33.65202036501582 35.77404973574905 37.500864239111 51.84608266232341 121.5181224021544 176.5811263292036 28.82985418248217 32.13075311107356 35.75361693248993 18.08301997184753
 18 33.65836735369594 35.78090716398452 37.50928545346468 51.38081196472866 121.1367440997972 176.2299103066356 28.83258847685391 32.13429305569097 35.75756998075957 16.32691311836243
 19 33.66414549608543 35.78714529159286 37.51692570582885 50.95867479264469 120.7898084213682 175.9099988799953 28.8350990723265 32.13752639371328 35.76117533436292 15.47023510932922
 20 33.66942749855165 35.79284375795952 37.5238887264066 50.5739441283248 120.4728861942122 175.6174164926082 28.8374113441912 32.14049147605473 35.76447643443254 15.42286014556885
 21 33.67427430812181 35.79806956909411 37.53026070831179 50.22186078424256 120.1822508553485 175.3488256420419 28.83954719302028 32.1432193902484 35.7675098927923 21.18495798110962
 22 33.67873736528104 35.80287859637933 37.53611384704007 49.89843816064848 119.9147950980226 175.1014058089575 28.84152556053215 32.14573871943261 35.77030675315217 18.14840412139893
 23 33.68286036708845 35.80731913280322 37.54150906079751 49.60031216415219 119.6678330905853 174.8727583805096 28.84336287499582 32.14807062171155 35.77289349136709 20.68240809440613
 24 33.68668065759838 35.81143174534616 37.54649810311603 49.32462463699756 119.4391086860391 174.6608314608507 28.84507342984847 32.15023566974156 35.77529281291191 20.38123989105225
 25 33.69023033270097 35.8152516248812 37.55112521956539 49.06893193151086 119.2266647315048 174.4638599833574 28.8466697027967 32.15225031799069 35.77752429222977 25.78601789474487
 26 33.69353712446591 35.81880859916231 37.55542845883878 48.83113255050285 119.0288423458697 174.2803176770067 28.84816262382952 32.15413083862854 35.77960488852301 25.80854797363281
 27 33.69662511407729 35.82212921789271 37.55944071911136 48.60940939209212 118.8441649579805 174.1088782745969 28.8495617999634 32.15588895812511 35.78154936424562 27.61084794998169
 28 33.69951531042965 35.82523613580608 37.5631905898443 48.40218328175501 118.671372616789 173.9483839826978 28.85087570393 32.15753673939027 35.78337062669647 30.75366306304932
 29 33.70222612281385 35.82814916504757 37.56670303404105 48.20807530875949 118.5093634628177 173.7978196872666 28.85211183268581 32.15908486749051 35.78508000851048 28.61883187294006
 30 33.7047737494083 35.83088623902024 37.5699999450517 48.02587608515365 118.3571401235031 173.6562917290453 28.85327684107119 32.16054091251711 35.7866874991758 31.39235782623291
 31 33.7071724984722 35.83346269391747 37.57310060403839 47.85452048838903 118.2138496710095 173.523010334756 28.8543766546187 32.1619133761631 35.7882019372222 31.22757411003113
 32 33.70943505537294 35.83589227615877 37.57602205805149 47.69306678707937 118.0787275933428 173.3972750004012 28.85541656521883 32.16320924199271 35.78963117051484 30.61152386665344
 33 33.71157270576237 35.83818720801352 37.57877943439689 47.54067927994868 117.9510941446598 173.2784622591591 28.85640131240922 32.16443474018337 35.79098219069346 37.97774791717529
 34 33.71359552302543 35.84035839307285 37.58138620340637 47.3966137878785 117.830342917875 173.1660154047393 28.85733515270289 32.16559544483728 35.79226124641661 40.50893712043762
 35 33.71551252647329 35.8424155889867 37.5838543992176 47.26020546020698 117.7159312378244 173.0594358057602 28.85822191888178 32.1666963583753 35.79347393918727 39.78056693077087
 36 33.71733181550288 35.84436755401565 37.58619480622157 47.13085847972537 117.6073720107446 172.9582755437731 28.85906507095166 32.16774198250279 35.79462530471727 38.45828199386597
 37 33.71906068376777 35.84616690857758 37.58841711718774 47.00803732841945 117.5073002688904 172.8621311329242 28.85986773993938 32.16856163771448 35.79571988246198 71.45222306251526
 38 33.72070571682 35.84793119789185 37.59053006798434 46.89125934735171 117.409178693215 172.7706381555442 28.86063276578244 32.16950873445126 35.79676177512272 69.81834721565247
 39 33.72227287592732 35.84961177484607 37.59254155285522 46.78008837060901 117.3157128101215 172.6834666502087 28.86136273012727 32.17041131953474 35.79775469982258 79.70156002044678
 40 33.72376757025708 35.85121439813459 37.59445872340063 46.67412925715627 117.2265823477811 172.6003171375476 28.86205998487549 32.17127271273954 35.79870203231843 70.43346500396729
 41 33.72519471929374 35.85281053862492 37.59628807396145 46.57302317767227 117.1378124285605 172.5209171843128 28.86272667696812 32.17223291174194 35.79960684519972 78.99973893165588
 42 33.72655880700761 35.85427272566307 37.59803551539376 46.47644353461794 117.0564923780706 172.4450184195769 28.8633647701518 32.17301997951523 35.80047194115184 87.80600595474243
 43 33.72786392894368 35.85560258818153 37.59970643922885 46.38409242234923 116.9825316026549 172.3723939375173 28.86397606404267 32.17364598464025 35.80129988190953 95.42914509773254
