# Created by Octave 4.2.1, Sun Apr 08 20:31:42 2018 EDT <hugomilan17@pop-os>
# name: testingPosition
# type: matrix
# rows: 1
# columns: 43
 121 161 84 164 125 85 47 48 10 129 132 12 94 53 136 176 18 137 59 179 21 62 103 104 25 186 148 68 189 109 112 31 194 33 76 116 38 78 39 200 7 54 113
