# Created by Octave 4.2.1, Sun Apr 08 21:51:30 2018 EDT <hugomilan17@pop-os>
# name: trainingPosition
# type: matrix
# rows: 130
# columns: 1
 1
 2
 3
 4
 5
 8
 9
 11
 13
 15
 16
 17
 19
 22
 23
 24
 26
 27
 28
 29
 30
 32
 34
 35
 36
 37
 40
 41
 42
 43
 44
 45
 46
 49
 50
 51
 52
 55
 56
 57
 58
 60
 61
 65
 66
 67
 69
 70
 71
 72
 73
 74
 75
 77
 79
 80
 81
 82
 83
 86
 87
 89
 90
 91
 92
 93
 96
 97
 98
 99
 101
 102
 105
 106
 111
 114
 115
 119
 120
 122
 123
 124
 126
 127
 128
 130
 135
 138
 139
 140
 141
 142
 143
 145
 146
 147
 150
 151
 152
 153
 156
 157
 159
 160
 162
 163
 165
 166
 167
 169
 170
 171
 172
 175
 177
 178
 181
 182
 184
 185
 187
 190
 191
 192
 193
 195
 196
 197
 198
 199
